CameraParameters1:
  DistortionModel: plumb_bob
  RadialDistortion: [-0.40420258712388873, 0.22419560705208935, -0.08259997053056178]
  TangentialDistortion: [0.0, 0.0]
  FocalLength: [268.87306484602357, 269.69498930950004]
  PrincipalPoint: [164.5380061725719, 118.5558697108206]
CameraParameters2:
  DistortionModel: plumb_bob
  RadialDistortion: [-0.4042700891005557, 0.2219866231257235, -0.07878444746727438]
  TangentialDistortion: [0.0, 0.0]
  FocalLength: [270.54942341991756, 271.3777071508413]
  PrincipalPoint: [159.3004883602886, 115.60429200026378]
r_lr:
- [0.03048099118542525]
- [-5.483268427792002E-4]
- [3.0810623308204856E-4]
R_lr:
- [0.9999848935023562, 0.0016235407829899718, 0.005251369574435386]
- [-0.0016111482209509584, 0.9999959096346884, -0.0023632425398695187]
- [-0.0052551849150590255, 0.0023547461048042274, 0.9999834189636798]
R_rl:
- [0.9999848935023562, -0.0016111482209509584, -0.0052551849150590255]
- [0.0016235407829899718, 0.9999959096346884, 0.0023547461048042274]
- [0.005251369574435386, -0.0023632425398695187, 0.9999834189636798]
R_ci:
- [ 0.98764397, -0.15301132,  0.03386625, -0.02597089]
- [ 0.15562795,  0.98302338, -0.09718523, -0.08304222]
- [-0.01842088,  0.10125494,  0.99468996, -0.15787334]
t_ci:
- [0]#[0.02597089]
- [0]#[-0.08304222]
- [0]#[-0.15787334]
gyro_bias:
- [-0.03836]
- [-0.05285]
- [0.0357]
acc_bias:
- [1.02]
- [0.271]
- [-2.1812]
time_shift: 0.0
Kalibr_params:
  update_rate: 100.0 #Hz
  accelerometer_noise_density: 0.1 #continous
  accelerometer_random_walk: 0.000002
  gyroscope_noise_density: 0.01 #continous
  gyroscope_random_walk: 0.000002