CameraParameters1:
  DistortionModel: plumb_bob
  RadialDistortion: [-0.4094559008582509, 0.23968705274402424, -0.10113801759221493]
  TangentialDistortion: [0.0, 0.0]
  FocalLength: [269.1622917200135, 270.0136524450986]
  PrincipalPoint: [167.13619983773083, 118.45389111648203]
CameraParameters2:
  DistortionModel: plumb_bob
  RadialDistortion: [-0.4108116559744429, 0.24006932221723626, -0.09513212143177018]
  TangentialDistortion: [0.0, 0.0]
  FocalLength: [270.94206160204607, 271.73318928496496]
  PrincipalPoint: [161.23563752434012, 115.64284673429115]
r_lr:
- [0.030342012604510277]
- [-2.393139988283241E-4]
- [-9.318164471286155E-5]
R_lr:
- [0.9999969265772571, 0.0014480363450139232, 0.00201246783410969]
- [-0.0014439455511439327, 0.9999968915840153, -0.0020326936691489822]
- [-0.002015404992833717, 0.002029781527846144, 0.9999959090564641]
R_rl:
- [0.9999969265772571, -0.0014439455511439327, -0.002015404992833717]
- [0.0014480363450139232, 0.9999968915840153, 0.002029781527846144]
- [0.00201246783410969, -0.0020326936691489822, 0.9999959090564641]
R_ci:
- [ 0.98764397, -0.15301132,  0.03386625, -0.02597089]
- [ 0.15562795,  0.98302338, -0.09718523, -0.08304222]
- [-0.01842088,  0.10125494,  0.99468996, -0.15787334]
t_ci:
- [0]#[0.02597089]
- [0]#[-0.08304222]
- [0]#[-0.15787334]
gyro_bias:
- [-0.03836]
- [-0.05285]
- [0.0357]
acc_bias:
- [1.02]
- [0.271]
- [-2.1812]
time_shift: 0.0
Kalibr_params:
  update_rate: 100.0 #Hz
  accelerometer_noise_density: 0.1 #continous
  accelerometer_random_walk: 0.000002
  gyroscope_noise_density: 0.01 #continous
  gyroscope_random_walk: 0.000002
