CameraParameters1:
  DistortionModel: plumb_bob
  RadialDistortion: [-0.4157206312606992, 0.26239004036174945, -0.11775604161354467]
  TangentialDistortion: [0.0, 0.0]
  FocalLength: [268.9632832694024, 269.9857907852589]
  PrincipalPoint: [157.60867551501954, 114.63691834577347]
CameraParameters2:
  DistortionModel: plumb_bob
  RadialDistortion: [-0.41347580873961776, 0.2638458482540017, -0.13119235238996693]
  TangentialDistortion: [0.0, 0.0]
  FocalLength: [269.7393434435326, 270.4718571676921]
  PrincipalPoint: [163.86052862390525, 118.31731414995973]
r_lr:
- [0.029745367843222292]
- [-0.0017209550578246066]
- [0.003306465558371558]
R_lr:
- [0.999989807373586, 0.001760880411734861, -0.004157457048950553]
- [-0.0018163702663797643, 0.9999088175408626, -0.013381233242468845]
- [0.00413351521029156, 0.01338864833392491, 0.9999018242546599]
R_rl:
- [0.999989807373586, -0.0018163702663797643, 0.00413351521029156]
- [0.001760880411734861, 0.9999088175408626, 0.01338864833392491]
- [-0.004157457048950553, -0.013381233242468845, 0.9999018242546599]
R_ci:
- [ 0.98764397, -0.15301132,  0.03386625, -0.02597089]
- [ 0.15562795,  0.98302338, -0.09718523, -0.08304222]
- [-0.01842088,  0.10125494,  0.99468996, -0.15787334]
t_ci:
- [0]#[0.02597089]
- [0]#[-0.08304222]
- [0]#[-0.15787334]
gyro_bias:
- [-0.03836]
- [-0.05285]
- [0.0357]
acc_bias:
- [1.02]
- [0.271]
- [-2.1812]
time_shift: 0.0
Kalibr_params:
  update_rate: 100.0 #Hz
  accelerometer_noise_density: 0.1 #continous
  accelerometer_random_walk: 0.000002
  gyroscope_noise_density: 0.01 #continous
  gyroscope_random_walk: 0.000002
