CameraParameters1:
  DistortionModel: plumb_bob
  RadialDistortion: [-0.4024522327970946, 0.2232417915035451, -0.08303509878160487]
  TangentialDistortion: [0.0, 0.0]
  FocalLength: [268.4968663455196, 269.1179778458416]
  PrincipalPoint: [166.4450421220791, 119.31815742847427]
CameraParameters2:
  DistortionModel: plumb_bob
  RadialDistortion: [-0.4116789461687591, 0.24465994656547355, -0.10034366362807214]
  TangentialDistortion: [0.0, 0.0]
  FocalLength: [270.69981912708573, 271.4218496733302]
  PrincipalPoint: [159.68124588831364, 118.81115725769048]
r_lr:
- [0.03008257901755366]
- [-7.178070331773553E-4]
- [-0.0013923742897804189]
R_lr:
- [0.9999946689032984, 0.001538376324118263, -0.0028802019491792463]
- [-0.0015528371231088597, 0.9999861675700465, -0.005025272673194411]
- [0.00287243134848486, 0.00502971836748857, 0.9999832253949523]
R_rl:
- [0.9999946689032984, -0.0015528371231088597, 0.00287243134848486]
- [0.001538376324118263, 0.9999861675700465, 0.00502971836748857]
- [-0.0028802019491792463, -0.005025272673194411, 0.9999832253949523]
