CameraParameters1:
  RadialDistortion: [-0.4216800492023834, 0.27445213281707664, -0.13190859587354994]
  TangentialDistortion: [0.0, 0.0]
  FocalLength: [270.9915503614797, 271.76289360822904]
  PrincipalPoint: [157.2713500687858, 113.44781226064164]
CameraParameters2:
  RadialDistortion: [-0.4205327497592761, 0.2652905416994257, -0.12534091445565596]
  TangentialDistortion: [0.0, 0.0]
  FocalLength: [271.8561159023583, 272.60592997140674]
  PrincipalPoint: [165.66337710322026, 105.26927038309172]
r_lr:
- [0.02977403581125716]
- [2.5377934071527076E-4]
- [-6.762830222853684E-4]
R_lr:
- [0.9999764111232955, 0.002835619465759936, -0.006255913939573893]
- [-0.0027909733912729147, 0.9999706589425201, 0.007133843395476654]
- [0.006275959249641298, -0.007116215026780925, 0.999954984896415]
R_rl:
- [0.9999764111232955, -0.0027909733912729147, 0.006275959249641298]
- [0.002835619465759936, 0.9999706589425201, -0.007116215026780925]
- [-0.006255913939573893, 0.007133843395476654, 0.999954984896415]
