CameraParameters1:
  DistortionModel: plumb_bob
  RadialDistortion: [-0.4144655263776619, 0.2655370334941553, -0.14030339195423844]
  TangentialDistortion: [0.0, 0.0]
  FocalLength: [269.35864489093854, 270.144206673173]
  PrincipalPoint: [158.98319050956408, 113.5462459433949]
CameraParameters2:
  DistortionModel: plumb_bob
  RadialDistortion: [-0.4201299392481234, 0.2815477120210617, -0.14910870829238618]
  TangentialDistortion: [0.0, 0.0]
  FocalLength: [267.7996810186351, 268.63721677438406]
  PrincipalPoint: [165.42436494266497, 109.65634410796055]
r_lr:
- [0.03034575166462426]
- [-5.316102294633273E-4]
- [5.125831333254033E-4]
R_lr:
- [0.9999936296233672, 0.0027019371945951583, 0.002332433939127574]
- [-0.0026959416518443228, 0.9999930638930974, -0.002569837408374098]
- [-0.0023393613003941543, 0.002563532931735273, 0.9999939778256738]
R_rl:
- [0.9999936296233672, -0.0026959416518443228, -0.0023393613003941543]
- [0.0027019371945951583, 0.9999930638930974, 0.002563532931735273]
- [0.002332433939127574, -0.002569837408374098, 0.9999939778256738]
R_ci:
- [ 0.99782601,  0.05906089, -0.02924156]
- [-0.05975231,  0.99793977, -0.02336401]
- [ 0.02780141,  0.02506047,  0.99929928]
t_ci:
- [0]#[-0.02538469]
- [0]#[-0.00351734]
- [0]#[ 0.04918214]
gyro_bias:
- [5.37011e-1]
- [-2.577844e-1]
- [3.394e-3]
acc_bias:
- [6.087331e-1]
- [2.0283238e-1]
- [6.2478972e-1]
time_shift: 0.0144530599489
Kalibr_params:
  update_rate: 100.0 #Hz
  accelerometer_noise_density: 0.1 #continous
  accelerometer_random_walk: 0.000002
  gyroscope_noise_density: 0.01 #continous
  gyroscope_random_walk: 0.000002
