CameraParameters1:
  DistortionModel: plumb_bob
  RadialDistortion: [-0.4073741771204067, 0.2221231158344778, -0.07483652039107733]
  TangentialDistortion: [0.0, 0.0]
  FocalLength: [269.993560180934, 270.8201150789941]
  PrincipalPoint: [158.81984382346133, 113.61728320017123]
CameraParameters2:
  DistortionModel: plumb_bob
  RadialDistortion: [-0.4087885398647313, 0.23145558999253957, -0.08849475586222863]
  TangentialDistortion: [0.0, 0.0]
  FocalLength: [268.40581518588266, 269.1458577729534]
  PrincipalPoint: [165.34390186819854, 109.84350219752952]
r_lr:
- [0.030184321861220772]
- [-1.6052805577625043E-4]
- [6.303165478391584E-5]
R_lr:
- [0.9999956581712791, 0.002761894856034017, 0.0010274119887134171]
- [-0.0027596669244788537, 0.9999938514686145, -0.0021636227565058606]
- [-0.0010333813702001063, 0.002160778047543391, 0.9999971315764726]
R_rl:
- [0.9999956581712791, -0.0027596669244788537, -0.0010333813702001063]
- [0.002761894856034017, 0.9999938514686145, 0.002160778047543391]
- [0.0010274119887134171, -0.0021636227565058606, 0.9999971315764726]
R_ci:
- [ 0.99782601,  0.05906089, -0.02924156]
- [-0.05975231,  0.99793977, -0.02336401]
- [ 0.02780141,  0.02506047,  0.99929928]
t_ci:
- [0]#[-0.02538469]
- [0]#[-0.00351734]
- [0]#[ 0.04918214]
gyro_bias:
- [5.521e-1]#[5.37011e-1]
- [-2.0325e-1]#[-2.577844e-1]
- [8.333e-3]#[3.394e-3]
acc_bias:
- [0.0e-1]#[6.087331e-1]
- [2.6e-1]#[2.0283238e-1]
- [6.423e-1]#[6.2478972e-1]
time_shift: 0.0144530599489
Kalibr_params:
  update_rate: 100.0 #Hz
  accelerometer_noise_density: 0.1 #continous
  accelerometer_random_walk: 0.000002
  gyroscope_noise_density: 0.01 #continous
  gyroscope_random_walk: 0.000002
