CameraParameters1:
  RadialDistortion: [-0.40900868158976883, 0.2340498667059135, -0.08677726018661133]
  TangentialDistortion: [0.0, 0.0]
  FocalLength: [268.918969857515, 269.5228621268814]
  PrincipalPoint: [156.80789736914286, 113.68751376158595]
CameraParameters2:
  RadialDistortion: [-0.4099925169316167, 0.23560537636412268, -0.09000129257857617]
  TangentialDistortion: [0.0, 0.0]
  FocalLength: [269.7143655301322, 270.23665771046416]
  PrincipalPoint: [167.7863074567976, 108.53026630434286]
r_lr:
- [0.029580360397106955]
- [1.1632497099520577E-4]
- [-6.018971434065889E-4]
R_lr:
- [0.9999197426863099, 0.00280263750113667, -0.01235529883010234]
- [-0.0027162825991599057, 0.9999718066565116, 0.007000550046506744]
- [0.012374570497007438, -0.00696642771794604, 0.9998991643610196]
R_rl:
- [0.9999197426863099, -0.0027162825991599057, 0.012374570497007438]
- [0.00280263750113667, 0.9999718066565116, -0.00696642771794604]
- [-0.01235529883010234, 0.007000550046506744, 0.9998991643610196]
