CameraParameters1:
  RadialDistortion: [-0.41643734723663506, 0.26995013097333515, -0.14746625081772513]
  TangentialDistortion: [0.0, 0.0]
  FocalLength: [269.0506676813476, 269.6098990777492]
  PrincipalPoint: [165.76338355145336, 105.10829836096555]
CameraParameters2:
  RadialDistortion: [-0.41325191991778, 0.2564481824642009, -0.11813587594214192]
  TangentialDistortion: [0.0, 0.0]
  FocalLength: [268.205466647256, 268.8192758688401]
  PrincipalPoint: [157.13853511300127, 113.5643166215671]
r_lr:
- [-0.02971776051728862]
- [-2.406318589545177E-4]
- [8.917652587929748E-6]
R_lr:
- [0.9999813037813606, -0.002913578138509121, 0.005376165004988188]
- [0.0029460416991223173, 0.9999774168453104, -0.006040417012704319]
- [-0.005358444367266531, 0.0060561424860332514, 0.9999673045715803]
R_rl:
- [0.9999813037813606, 0.0029460416991223173, -0.005358444367266531]
- [-0.002913578138509121, 0.9999774168453104, 0.0060561424860332514]
- [0.005376165004988188, -0.006040417012704319, 0.9999673045715803]
