CameraParameters1:
  DistortionModel: plumb_bob
  RadialDistortion: [-0.40769432966546376, 0.22577916268528805, -0.07925276752139256]
  TangentialDistortion: [0.0, 0.0]
  FocalLength: [272.5232532144037, 273.46965834799914]
  PrincipalPoint: [158.5852996906572, 111.44337381588265]
CameraParameters2:
  DistortionModel: plumb_bob
  RadialDistortion: [-0.4015694054574423, 0.20376361513740138, -0.06052650891131277]
  TangentialDistortion: [0.0, 0.0]
  FocalLength: [271.18815874972705, 272.051457813238]
  PrincipalPoint: [165.94626706642504, 106.36476070227559]
r_lr:
- [0.02979290531882547]
- [6.219655175296202E-4]
- [-6.785409968355065E-6]
R_lr:
- [0.9999803777911471, 0.002758305143911626, 0.0056245697975731285]
- [-0.0027681689811094932, 0.9999946431691419, 0.0017466749877208978]
- [-0.005619721805100711, -0.0017622104737451852, 0.9999826565201416]
R_rl:
- [0.9999803777911471, -0.0027681689811094932, -0.005619721805100711]
- [0.002758305143911626, 0.9999946431691419, -0.0017622104737451852]
- [0.0056245697975731285, 0.0017466749877208978, 0.9999826565201416]
R_ci:
- [ 0.99782601,  0.05906089, -0.02924156]
- [-0.05975231,  0.99793977, -0.02336401]
- [ 0.02780141,  0.02506047,  0.99929928]
t_ci:
- [-0.02538469]
- [-0.00351734]
- [ 0.04918214]
gyro_bias:
- [5.37011e-1]
- [-2.577844e-1]
- [3.394e-3]
acc_bias:
- [6.087331e-1]
- [2.0283238e-1]
- [6.2478972e-1]
time_shift: 0.0144530599489
Kalibr_params:
  update_rate: 100.0 #Hz
  accelerometer_noise_density: 0.1 #continous
  accelerometer_random_walk: 0.000002
  gyroscope_noise_density: 0.01 #continous
  gyroscope_random_walk: 0.000002
