CameraParameters1:
  RadialDistortion: [-0.41048802171566534, 0.24497169282890957, -0.09844422153711993]
  TangentialDistortion: [0.0, 0.0]
  FocalLength: [267.45444505358506, 268.21169498229375]
  PrincipalPoint: [158.93473121104049, 113.43599375231024]
CameraParameters2:
  RadialDistortion: [-0.4102605840541289, 0.23979692096992206, -0.09280784957415512]
  TangentialDistortion: [0.0, 0.0]
  FocalLength: [268.2087006200769, 268.85761982648495]
  PrincipalPoint: [166.73537298330223, 104.81997283035139]
r_lr:
- [0.02985794077222064]
- [1.4966953851583488E-4]
- [1.328395073511777E-4]
R_lr:
- [0.9999560783367222, 0.0029642547655415936, -0.008891264877858802]
- [-0.002915543609711199, 0.9999806987304608, 0.005486508179098847]
- [0.008907356673174917, -0.005460344332037158, 0.999945420328966]
R_rl:
- [0.9999560783367222, -0.002915543609711199, 0.008907356673174917]
- [0.0029642547655415936, 0.9999806987304608, -0.005460344332037158]
- [-0.008891264877858802, 0.005486508179098847, 0.999945420328966]
