CameraParameters1:
  RadialDistortion: [-0.40930401857031085, 0.16881130341921907, 0.17790711106266316]
  TangentialDistortion: [0.0, 0.0]
  FocalLength: [536.4233356107055, 537.4415164813948]
  PrincipalPoint: [226.66804677125512, 150.86600649595738]
CameraParameters2:
  RadialDistortion: [-0.412951400666496, 0.19415997420325043, 0.11686301328785824]
  TangentialDistortion: [0.0, 0.0]
  FocalLength: [538.0152742759096, 538.9458011494495]
  PrincipalPoint: [243.67432880878079, 133.54394323189015]
r_lr:
- [0.028969584357950797]
- [4.395460554455085E-4]
- [6.91114650413282E-5]
R_lr:
- [0.9999503641643939, 0.0028934785464647807, -0.00953399126270289]
- [-0.002846290122903944, 0.9999836516073284, 0.004959349817214555]
- [0.009548185169570522, -0.004931967150579437, 0.999942252262596]
R_rl:
- [0.9999503641643939, -0.002846290122903944, 0.009548185169570522]
- [0.0028934785464647807, 0.9999836516073284, -0.004931967150579437]
- [-0.00953399126270289, 0.004959349817214555, 0.999942252262596]
