CameraParameters1:
  RadialDistortion: [-0.4024070033749057, 0.19732820906773868, -0.041165069470233]
  TangentialDistortion: [0.0, 0.0]
  FocalLength: [539.7440445392959, 541.4490926993556]
  PrincipalPoint: [367.7054914859509, 226.0233261435356]
CameraParameters2:
  RadialDistortion: [-0.4029911493997337, 0.19723654760365994, -0.041454279578037795]
  TangentialDistortion: [0.0, 0.0]
  FocalLength: [541.2893681644377, 542.8864554924293]
  PrincipalPoint: [384.51333660949194, 209.1428292164502]
r_lr:
- [0.029827762582053188]
- [1.1938243053237248E-4]
- [-9.114621478589831E-5]
R_lr:
- [0.9999428448462223, 0.0028558857375316797, -0.01030295867690292]
- [-0.0027959266407177443, 0.999979100710217, 0.005829317027360573]
- [0.010319391215741887, -0.005800177535206509, 0.9999299315979578]
R_rl:
- [0.9999428448462223, -0.0027959266407177443, 0.010319391215741887]
- [0.0028558857375316797, 0.999979100710217, -0.005800177535206509]
- [-0.01030295867690292, 0.005829317027360573, 0.9999299315979578]
