CameraParameters1:
  DistortionModel: plumb_bob
  RadialDistortion: [-0.40987012727162864, 0.2326985351531289, -0.0869936813411735]
  TangentialDistortion: [0.0, 0.0]
  FocalLength: [269.8725786542319, 269.0348241446401]
  PrincipalPoint: [164.75711576312133, 118.91960132429001]
CameraParameters2:
  DistortionModel: plumb_bob
  RadialDistortion: [-0.4056554887386737, 0.2186449353704028, -0.07699244956751118]
  TangentialDistortion: [0.0, 0.0]
  FocalLength: [272.6943421326837, 272.0397421954457]
  PrincipalPoint: [161.73713915343183, 116.39700361016939]
r_lr:
- [0.03010380067078605]
- [9.189175036082377E-5]
- [-0.0015749130657196412]
R_lr:
- [0.9999445076670486, 0.0013849130825510831, 0.010443352060412324]
- [-0.0013548006514013174, 0.9999949063964853, -0.002889930151343008]
- [-0.010447301168191814, 0.0028756211222025953, 0.9999412906273362]
R_rl:
- [0.9999445076670486, -0.0013548006514013174, -0.010447301168191814]
- [0.0013849130825510831, 0.9999949063964853, 0.0028756211222025953]
- [0.010443352060412324, -0.002889930151343008, 0.9999412906273362]
R_ci:
- [0.99937072, -0.02697428, -0.02303356]
- [ 0.02694969,  0.99963584, -0.00137745]
- [ 0.02306233,  0.00075584,  0.99973374]
t_ci:
- [0.02484639]
- [0.00580631]
- [-0.01548551]
gyro_bias:
- [-4.98602e-2]
- [-5.7569e-2]
- [2.68237e-2]
acc_bias:
- [3.90858e-1]
- [2.319006e-1]
- [-1.5005853]
time_shift: 0.0154267452286
Kalibr_params:
  update_rate: 100.0 #Hz
  accelerometer_noise_density: 0.1 #continous
  accelerometer_random_walk: 0.000002
  gyroscope_noise_density: 0.01 #continous
  gyroscope_random_walk: 0.000002
